Printing original data
[[ 0.5342275   0.47954631  0.36782701 ...  1.10042148  0.91058658
   0.21507724]
 [ 0.65326826  0.59622579  0.36782701 ...  1.10042148  0.91058658
   0.21507724]
 [ 0.18852702  0.16200584  0.36782701 ... -0.17123347  0.30548333
   1.70141457]
 ...
 [-0.36022806 -0.32440105 -1.21163543 ... -0.87770844 -0.37525783
  -0.97399263]
 [ 0.09715245  0.14942056 -0.61933701 ...  0.25265151  0.07856961
   0.5123447 ]
 [ 0.40706455  0.47042898 -0.22447141 ...  0.81783149  0.30548333
   1.10687963]]
After SVD, Printing original data projected onto principal components
Display the principal components from both PCA and SVD.
[[ 2.98927109e-02  1.65647504e-02]
 [ 3.11934539e-02  1.25819840e-02]
 [ 3.63611280e-02  1.52265319e-02]
 [ 3.03266827e-02 -1.43050756e-01]
 [-5.06290025e-02 -2.42376269e-02]
 [ 8.41493780e-03 -3.00380231e-03]
 [-2.93333209e-02 -1.04955223e-03]
 [-3.88363489e-02  2.29263929e-03]
 [-2.92538306e-02 -8.59969055e-03]
 [ 2.87956060e-03 -2.96972454e-02]
 [-7.82088972e-03 -1.74411438e-02]
 [-4.31318673e-04 -1.94731233e-02]
 [ 4.35141935e-04 -2.10547255e-02]
 [ 9.95724260e-03 -3.13843463e-02]
 [ 1.72741738e-02 -9.37379377e-03]
 [ 6.62310267e-03  4.21716086e-03]
 [ 1.74383083e-02  6.66851986e-04]
 [ 1.54230303e-02  1.40059136e-03]
 [ 4.76706567e-02 -2.93957041e-02]
 [ 8.35966073e-02 -1.45646109e-02]
 [ 4.49620447e-02 -6.59997590e-02]
 [ 4.56005718e-02 -6.52803356e-02]
 [ 9.37206701e-02 -9.23053140e-02]
 [-3.74578644e-02 -5.03966265e-02]
 [-3.39982858e-02 -5.96157925e-02]
 [-1.07606180e-02 -6.82836528e-02]
 [-1.96992260e-02 -8.97992044e-03]
 [-1.83568280e-02 -1.20907446e-02]
 [-8.17776245e-03 -2.17917160e-02]
 [-1.34018097e-02 -1.01092433e-02]
 [-9.82748532e-03 -1.36049580e-02]
 [-8.98556047e-03 -2.93900632e-02]
 [ 1.32214080e-03 -3.83993100e-02]
 [-9.75052904e-03 -2.67394354e-02]
 [-6.01880832e-03 -2.81599230e-02]
 [ 7.52341182e-03  1.86987854e-02]
 [ 1.40865869e-02  4.37578950e-03]
 [ 5.50774474e-02 -2.91432316e-02]
 [ 7.62501043e-02 -2.56395743e-02]
 [ 8.48997494e-02 -1.41281609e-02]
 [ 2.20972093e-02 -5.84181916e-02]
 [ 3.07495485e-02 -7.01154675e-02]
 [ 1.98497573e-02  1.43362328e-03]
 [ 6.61786673e-02 -2.67739548e-02]
 [-2.88524238e-02 -5.45255063e-02]
 [-1.99529111e-02 -7.25297734e-02]
 [-4.42817908e-03  4.51031558e-02]
 [ 1.36068086e-02  5.08020785e-02]
 [ 1.67783079e-02  4.07802661e-02]
 [ 2.57774064e-02  5.27399634e-02]
 [ 3.59235751e-02  3.92557592e-02]
 [ 5.11615182e-02  2.63704428e-02]
 [ 1.53080566e-02  2.70557465e-02]
 [ 5.05168300e-03  3.89237406e-02]
 [ 1.28102163e-02  4.26947342e-02]
 [ 1.84869255e-02  1.61474658e-02]
 [ 5.70731882e-02  2.09204651e-02]
 [ 6.24172341e-02  8.46732859e-03]
 [ 9.86817859e-02  2.69554701e-02]
 [ 5.57038255e-02  6.66166722e-03]
 [ 6.68234745e-02 -1.80521295e-03]
 [ 5.54532448e-02 -1.04073313e-01]
 [-8.64553596e-02 -1.07556988e-02]
 [ 4.64240018e-02  6.20537327e-02]
 [-9.13785945e-02 -2.85696023e-02]
 [-6.11711778e-02  2.27523309e-02]
 [-6.22094554e-02  1.94682935e-02]
 [-6.02534430e-02  1.95721714e-02]
 [ 4.69506668e-02 -4.60488329e-02]
 [ 5.04701573e-02 -5.81622256e-02]
 [-1.07669047e-03  5.62463272e-02]
 [ 8.15815893e-03  4.78224812e-02]
 [ 1.86668855e-02  3.72977591e-02]
 [-4.31711094e-02  3.26563920e-02]
 [-1.31338693e-02  1.93811165e-02]
 [-1.45615465e-02  1.41188377e-02]
 [-6.40048701e-03  3.05837196e-02]
 [-2.99309565e-03  5.29919554e-02]
 [ 1.09698356e-02  4.63463400e-02]
 [ 1.06678010e-01  9.63084285e-02]
 [ 8.87811721e-02  4.36333667e-02]
 [-3.48617202e-02 -3.70188927e-02]
 [ 4.42072759e-02  3.71036276e-02]
 [ 6.73939649e-03  3.21064839e-02]
 [ 2.18281967e-02  3.71115660e-02]
 [ 2.46284537e-02  3.09196820e-02]
 [ 6.63015695e-03  6.53898204e-02]
 [ 2.09715001e-02  5.65212037e-02]
 [-1.60319076e-02 -6.72554529e-02]
 [ 4.85845452e-02  6.92484965e-02]
 [-4.92753416e-02 -6.29772634e-03]
 [-3.48901082e-02 -3.03249615e-02]
 [-4.71912902e-02 -1.33577303e-02]
 [-3.06796238e-02  4.24611230e-02]
 [-1.07793209e-02  2.64610716e-02]
 [-3.79341080e-02  8.12846922e-03]
 [-7.74683347e-03  4.47917334e-03]
 [ 3.13244339e-02  9.02702570e-02]
 [ 4.76727391e-02  6.83391562e-02]
 [-2.83421632e-04  7.93814162e-02]
 [ 6.87510716e-02  6.85813029e-02]
 [ 4.57344048e-02  7.94502598e-02]
 [ 2.07177205e-02  5.83717315e-02]
 [ 5.65531511e-03  6.79147826e-02]
 [-7.22899296e-02  1.02123663e-02]
 [-7.11846122e-02  8.19672907e-03]
 [-2.75444780e-02  4.28954632e-02]
 [-2.68843918e-02  4.03258840e-02]
 [ 5.34056711e-02  8.57203895e-02]
 [ 5.48073971e-02  8.08655721e-02]
 [ 5.76000072e-02  7.33763558e-02]
 [-1.06165318e-02 -9.04646804e-03]
 [ 7.82262549e-02  8.12233639e-02]
 [ 3.44262732e-02  3.78538539e-02]
 [-7.53400393e-02  2.42846444e-03]
 [-6.84786434e-02 -3.96849069e-03]
 [-5.09932660e-02 -1.58808922e-02]
 [-6.28608691e-02  4.71171983e-03]
 [-6.76437061e-02 -3.43462922e-03]
 [-6.95468204e-02 -2.52477956e-05]
 [ 4.13139237e-02  8.89895133e-02]
 [-9.94656945e-03  1.75557905e-02]
 [ 2.32974905e-02 -1.54630661e-02]
 [-3.89962312e-03  5.40038383e-02]
 [ 9.47337295e-04  5.23179153e-02]
 [ 3.48212039e-03  4.28236497e-02]
 [ 3.33798501e-02 -1.66749323e-02]
 [ 7.03570284e-02  9.20165434e-02]
 [ 3.79621137e-02  6.10987108e-02]
 [ 7.91800921e-02  5.70858159e-02]
 [ 1.28576112e-01  9.62706338e-02]
 [-4.14389247e-02  2.51891963e-02]
 [-7.60913819e-03  2.81615218e-03]
 [-4.31371748e-02  2.89367400e-02]
 [-4.15942560e-03  2.12171843e-02]
 [-7.63081577e-02  4.42598289e-03]
 [-8.38901520e-02  9.34694786e-03]
 [-9.33781178e-02  8.57204057e-03]
 [-8.01568736e-02  8.93708027e-03]
 [-6.13718761e-02 -2.07434065e-02]
 [-1.09114820e-01  7.76144216e-03]
 [-3.20616603e-02  1.18911104e-02]
 [-3.22378063e-02  4.53754761e-03]
 [-1.65826308e-01 -3.56184865e-02]
 [ 3.67556070e-02  7.17691260e-02]
 [ 3.49884450e-02  7.56748122e-02]
 [ 2.95093927e-02  3.38419079e-02]
 [-3.62245817e-02 -6.77511475e-02]
 [ 1.28822988e-01  4.95403319e-02]
 [-8.95580552e-02 -1.43427532e-02]
 [-8.86253802e-02 -1.61626388e-02]
 [-8.81280748e-02 -1.59102885e-02]
 [-6.40721383e-02  1.31083851e-02]
 [-6.32773335e-02  1.03543071e-02]
 [-6.27042291e-02  1.09084586e-02]
 [-1.24413920e-02  1.35665472e-02]
 [-1.27652433e-02  3.02583893e-02]
 [-1.22843658e-02  2.85925924e-02]
 [-2.81287027e-02 -1.03201062e-02]
 [ 7.66157492e-03  3.18122311e-02]
 [ 8.47054582e-03  2.90092429e-02]
 [ 3.78919091e-02  2.23731929e-02]
 [ 6.33309762e-02  1.29874708e-02]
 [ 7.51150697e-03  4.14956049e-03]
 [ 1.38719209e-02  3.89452133e-03]
 [ 1.26367801e-02  1.38350167e-04]
 [ 8.36286083e-03  2.93986246e-03]
 [ 4.96130398e-02 -2.16573958e-02]
 [ 6.39921720e-02 -1.73158300e-02]
 [ 7.14815217e-02  9.47355378e-02]
 [ 6.75271641e-04  1.21495476e-02]
 [ 2.29376493e-02  7.17244945e-03]
 [ 4.63682239e-02 -1.49197274e-02]
 [ 6.82203674e-02 -5.17167687e-02]
 [ 6.29230330e-02 -2.77685853e-02]
 [-6.37510660e-03  1.46810013e-03]
 [ 3.80179906e-03 -1.00155924e-02]
 [ 5.83332216e-02 -1.18648180e-02]
 [ 8.08961695e-02 -5.22133681e-02]
 [ 4.49252532e-02 -8.88538130e-02]
 [ 4.93036244e-02 -9.59212320e-02]
 [ 6.55094361e-02 -1.24371652e-01]
 [ 6.96694819e-02 -1.31650176e-01]
 [ 1.49537288e-02  9.35844695e-03]
 [-2.31490787e-02  2.09136479e-02]
 [-1.58414419e-02 -6.85939906e-02]
 [-3.50601297e-02  4.41393597e-02]
 [-1.41317332e-02  3.11847776e-02]
 [-8.24720990e-02 -1.61916491e-02]
 [-8.55935361e-02 -1.50005008e-02]
 [-8.43488168e-02 -1.75397713e-02]
 [ 3.25401642e-02  7.54962328e-02]
 [ 1.43728204e-02  3.08738781e-02]
 [-6.41582344e-02  1.32394460e-02]
 [-6.32835095e-02  1.12160447e-02]
 [-6.26467064e-02  9.45297917e-03]
 [ 5.24496069e-02 -1.26079301e-02]
 [-9.31264431e-03 -7.96645903e-03]
 [ 9.72914789e-02 -2.72177197e-02]
 [ 1.89552565e-03  5.38830189e-03]
 [ 1.33346347e-02 -3.28061694e-03]
 [ 4.35876549e-02 -3.07682845e-02]
 [ 6.07251621e-02  2.08078159e-03]
 [-8.75402613e-03 -2.36393288e-02]
 [-6.75478534e-03 -2.58298314e-02]
 [-5.59738614e-03 -2.48006183e-02]
 [ 5.50154414e-02 -1.57396436e-02]
 [ 8.89587479e-02 -6.65526126e-03]
 [ 4.46638637e-02 -7.96150362e-02]
 [ 2.01606119e-02 -9.98615770e-04]
 [ 7.72769210e-02  1.65995508e-02]
 [ 1.62515846e-02  3.23855913e-02]
 [ 1.84831802e-02  2.46532690e-02]
 [ 4.49569477e-02  8.79821787e-03]
 [ 4.66813625e-02  2.82324150e-03]
 [ 1.12224960e-01  5.15119506e-02]
 [ 6.96213936e-02  6.56043642e-02]
 [ 7.11987259e-02  6.01390182e-02]
 [ 8.14928990e-02  7.13115994e-02]
 [-4.12524791e-02  2.51462264e-02]
 [ 1.00126640e-02  2.80593394e-02]
 [-7.48256609e-02 -6.82442492e-02]
 [-7.33863692e-02 -7.32315534e-02]
 [-3.81010497e-02  1.25039388e-02]
 [ 2.62523456e-02 -7.56320330e-02]
 [-3.75077839e-02 -3.02341634e-03]
 [-1.05976729e-02 -1.44008658e-02]
 [-1.38687727e-02 -1.38089303e-02]
 [-1.21234215e-02 -1.59765262e-02]
 [-3.34046451e-03 -2.94146018e-02]
 [-7.16974708e-03 -1.30714407e-02]
 [-3.27729199e-03 -2.65595103e-02]
 [ 8.64719591e-02 -8.94872674e-02]
 [ 1.52841639e-01 -1.83505399e-01]
 [ 7.09977617e-03 -3.12887201e-02]
 [ 4.46199839e-02 -6.27662830e-02]
 [ 2.17511550e-02 -1.40460872e-02]
 [ 1.74511437e-02 -1.24911723e-02]
 [ 6.31448195e-02 -4.52428903e-02]
 [ 6.17913250e-02 -4.31756811e-02]
 [ 9.37698851e-02 -6.75181336e-02]
 [ 6.83626636e-02 -1.93543270e-02]
 [ 7.36484108e-02 -2.26368370e-02]
 [ 9.35072376e-02 -4.71830901e-02]
 [ 6.78109189e-02 -1.33394337e-01]
 [ 1.09605577e-01 -2.17097391e-01]
 [ 1.34205060e-01 -2.31991759e-01]
 [-4.22432839e-02 -7.96697021e-02]
 [ 7.24770471e-03 -1.34727418e-01]
 [ 5.35505718e-02  8.50165375e-02]
 [ 5.59017227e-02  7.68720530e-02]
 [ 5.65610578e-02  7.45875032e-02]
 [ 6.85191862e-02  5.73452128e-02]
 [ 4.96355626e-02  7.72107199e-02]
 [ 3.16276637e-02  3.65553112e-02]
 [ 1.02477246e-03  5.16866905e-02]
 [-2.54444685e-03  5.42447348e-02]
 [ 4.83423583e-03  4.30742904e-02]
 [-9.24536941e-02 -4.62680530e-02]
 [-7.85082830e-02 -5.67317253e-02]
 [ 6.91698066e-03  1.31873838e-02]
 [-1.96263701e-02 -1.89235761e-02]
 [-1.81478465e-02 -2.18293945e-02]
 [ 2.76242930e-02  2.81084078e-02]
 [ 1.20189395e-02  2.25316724e-02]
 [-1.76684928e-02 -2.27638684e-02]
 [ 4.10132737e-02  3.40092725e-02]
 [-3.64663557e-02  1.01128118e-02]
 [-1.79300130e-03 -2.67087262e-02]
 [ 4.15878216e-03 -3.76549674e-02]
 [-2.35707672e-02  3.88953143e-02]
 [ 1.05423644e-03  1.91422070e-02]
 [ 1.12411648e-02  2.27643562e-02]
 [ 1.22655729e-02  1.93356758e-02]
 [ 1.76553562e-02  2.53796412e-02]
 [ 1.69962823e-02  5.35847072e-03]
 [ 9.66060111e-02  8.07864335e-02]
 [ 3.89695163e-02  9.63023927e-02]
 [ 4.66362936e-02  8.37168961e-02]
 [-7.50921571e-02  5.41278932e-03]
 [-7.35314008e-02  2.74750221e-03]
 [-4.95432009e-02 -7.09577249e-03]
 [-6.88872903e-04  8.41733105e-03]
 [-1.30341874e-02  1.73286756e-02]
 [-4.32388822e-02  3.22690839e-02]
 [ 2.08293121e-02  6.47004353e-02]
 [ 3.39985476e-03  3.45898825e-02]
 [ 8.29829067e-02 -2.06312453e-02]
 [-1.32333006e-02  1.76495564e-02]
 [ 7.77199156e-03  5.36061728e-02]
 [ 8.80742824e-03  5.03005439e-02]
 [ 6.07055748e-03  3.86169171e-02]
 [ 3.04565404e-02  6.64235508e-02]
 [-5.49949591e-02  1.77422931e-02]
 [-5.38650302e-02  1.38272645e-02]
 [-6.88000657e-02  6.93006868e-03]
 [ 1.96933527e-02 -1.44485381e-01]
 [ 2.93192434e-02 -1.44143803e-01]
 [ 1.83470780e-02 -1.40465949e-01]
 [ 9.83694809e-02 -3.64190005e-01]
 [-2.03667149e-02 -7.34439485e-02]
 [-3.71957285e-03 -9.27762056e-02]
 [-2.06756190e-02 -2.73457788e-02]
 [-2.60078515e-02 -1.13298131e-02]
 [-2.47278671e-02 -1.57650569e-02]
 [-1.84122248e-02 -2.98463268e-02]
 [-1.38654980e-02 -3.10355452e-04]
 [-4.68309439e-03 -1.39460538e-02]
 [-8.83660358e-03 -1.33645811e-02]
 [-6.36129472e-02  2.29522363e-02]
 [-6.19088723e-02  1.70473022e-02]
 [-5.94103395e-02  2.00288644e-02]
 [-6.11226896e-02  1.43230359e-02]
 [-5.86369763e-02  1.73490187e-02]
 [-4.20341050e-02  2.56348184e-02]
 [-1.41678934e-02  1.97891838e-02]
 [-2.73790867e-02  3.20491269e-02]
 [-1.01623895e-01 -3.62949690e-02]
 [-9.20251624e-02 -2.58693167e-02]
 [-4.25796411e-02 -1.28950478e-02]
 [-4.42673913e-02 -9.13447626e-03]
 [-3.51864521e-02 -2.70355062e-02]
 [-1.45233178e-02 -4.61971688e-02]
 [-2.91012687e-02  7.17715911e-03]
 [-3.27233176e-02  1.52922783e-02]
 [-2.85558335e-02  1.39808795e-02]
 [-2.52650959e-02  5.32391011e-03]
 [-5.03811956e-03 -8.47131902e-03]
 [-3.75073728e-03 -1.21255238e-02]
 [-6.24647470e-02 -7.27279404e-03]
 [-6.16049603e-02 -1.02525210e-02]
 [-5.64913363e-02 -1.64265009e-02]
 [-6.14220062e-02  1.50535050e-02]
 [-5.58744346e-02  9.33495959e-03]
 [-1.53204867e-02  3.73979193e-02]
 [-3.48544480e-02 -3.08381217e-02]
 [ 1.03441855e-03  2.50644646e-02]
 [ 2.81505979e-02  2.96784513e-02]
 [-3.72746359e-03  2.17975095e-02]
 [-1.41284215e-03  1.46659728e-02]
 [-3.76418530e-02  3.62303579e-02]
 [-9.52673591e-03  2.04703370e-02]
 [-7.33979171e-03  1.55537283e-02]
 [-3.36071287e-02  4.48083935e-02]
 [-1.22862222e-03  2.85931575e-02]
 [ 1.27622657e-03  2.08009941e-02]
 [-5.86375338e-02 -2.00596374e-02]
 [-8.25276113e-02  7.50898921e-03]
 [-8.19224866e-02  6.30038799e-03]
 [-8.17879438e-02  5.83420434e-03]
 [-1.14172826e-01 -3.10578288e-02]
 [-1.06894874e-01 -3.23910766e-02]
 [-1.13716206e-01 -3.18337535e-02]
 [ 1.13494320e-02  1.26005682e-02]
 [ 9.00001459e-02 -5.20741158e-03]
 [-6.96885991e-02  6.69647433e-03]
 [-7.68639795e-02 -5.58846278e-02]
 [-1.17819268e-01  1.26701646e-02]
 [-4.76849373e-02 -2.13865333e-02]
 [ 8.27662736e-02  7.20082226e-02]
 [ 2.91731289e-02  8.26381834e-02]
 [ 3.21940335e-02  7.39864197e-02]
 [-6.34360618e-02 -1.37990378e-02]
 [-5.72068384e-02 -2.17703571e-02]
 [-5.77574806e-02 -2.57531561e-03]
 [-3.02348161e-02 -2.85611260e-02]
 [-9.19840208e-02 -5.35155137e-03]
 [-6.26925346e-02 -2.87273927e-02]
 [-5.98686692e-02 -2.48850224e-02]
 [-3.68949839e-02  1.12573934e-02]
 [-3.79149856e-02  1.33085070e-02]
 [-3.35807481e-03 -5.89230411e-03]
 [ 2.85021210e-02 -3.20579256e-02]
 [ 2.73271923e-02 -3.01553710e-02]
 [ 4.28641115e-02  3.70416495e-02]
 [-7.73798716e-03 -1.20826568e-02]
 [-2.53988721e-04 -2.28394120e-02]
 [-4.65481370e-02 -1.61388302e-02]
 [-6.88297834e-03  7.28728123e-05]
 [-5.47082167e-03 -1.28256223e-02]
 [ 5.77856201e-03 -2.65290012e-02]
 [ 6.93754130e-04  1.07876853e-02]
 [ 6.63673239e-03  6.25049725e-03]
 [ 1.96140675e-02 -1.59297442e-02]
 [-4.47885991e-02 -1.51632235e-02]
 [ 1.16570300e-03  1.13921027e-02]
 [ 4.40779026e-02  1.50744936e-02]]
Project the original data instances (points) onto the principal components resulting from both SVD and PCA.
Plot the two principal components from SVD ( PC1, labeled as such, capturing the maximum variance from the data, and PC2, labeled as such, the next one) and the projections onto them of the original data.